93 82 72 67 97 98 5 16 40 30 
32 29 58 89 7 14 23 91 81 93 
11 41 41 61 43 87 63 29 40 19 
70 91 42 10 73 99 84 33 93 4 
78 32 34 53 26 25 12 13 38 21 
33 66 86 40 62 3 81 56 32 9 
7 50 8 39 8 20 50 11 46 86 
13 54 31 16 91 42 25 90 37 63 
80 48 46 33 56 66 10 53 49 13 
29 6 6 30 64 6 12 87 53 92 
7 33 71 36 10 42 93 78 39 1 
65 12 48 73 81 73 30 49 14 17 
70 32 65 81 69 6 61 38 25 42 
70 96 66 44 46 65 95 37 57 46 
12 82 73 78 2 15 21 1 79 88 
41 25 2 28 51 83 82 54 98 15 
4 35 59 40 16 79 57 27 8 52 
62 69 1 48 74 23 4 62 93 54 
16 36 4 88 96 62 73 14 57 15 
58 52 69 47 21 44 97 67 29 33 
14 82 97 94 93 67 37 56 15 63 
5 77 93 15 68 29 10 78 7 29 
26 54 74 91 82 92 60 69 94 30 
67 75 31 11 9 51 27 39 89 20 
32 7 19 67 87 13 49 45 73 98 
95 78 10 25 19 73 6 3 81 18 
79 1 8 64 70 85 34 35 89 85 
60 50 89 14 92 37 20 98 18 76 
31 30 33 42 13 57 31 71 61 66 
46 28 74 82 26 63 66 57 20 77 
14 82 97 94 93 67 37 56 15 63 
5 77 93 15 68 29 10 78 7 29 
26 54 74 91 82 92 60 69 94 30 
67 75 31 11 9 51 27 39 89 20 
32 7 19 67 87 13 49 45 73 98 
95 78 10 25 19 73 6 3 81 18 
79 1 8 64 70 85 34 35 89 85 
60 50 89 14 92 37 20 98 18 76 
31 30 33 42 13 57 31 71 61 66 
46 28 74 82 26 63 66 57 20 77 
21 31 23 5 23 39 34 87 38 25 
45 95 38 57 55 32 37 7 47 94 
29 76 36 1 95 25 59 100 10 65 
17 54 43 78 72 84 6 88 21 41 
99 32 65 56 25 58 30 89 67 55 
96 84 18 69 40 16 83 52 64 21 
54 20 10 41 24 38 11 43 70 18 
11 84 24 80 57 51 36 87 96 98 
99 77 62 96 83 5 89 28 65 17 
34 51 32 64 31 82 82 47 58 74 
21 31 23 5 23 39 34 87 38 25 
45 95 38 57 55 32 37 7 47 94 
29 76 36 1 95 25 59 100 10 65 
17 54 43 78 72 84 6 88 21 41 
99 32 65 56 25 58 30 89 67 55 
96 84 18 69 40 16 83 52 64 21 
54 20 10 41 24 38 11 43 70 18 
11 84 24 80 57 51 36 87 96 98 
99 77 62 96 83 5 89 28 65 17 
34 51 32 64 31 82 82 47 58 74 
